8073,4
8073,3
8073,2
8073,1
8073,0
0,474
0,471
0,465
0,385
0,201
0,0
0,386
8072,5
8072,4
8072,3
8072,2
8072,1
8072,0
0,197
0,278
0,198
0,196
0,195
0,554
8071,4
0,12
8071,3
8071,2
8071,1
8071,0
14,3
13,3
0,272
0,271
8070,3
8070,2
0,11
0,275
0,276
0,10
0,9
0,8
8070,1
8070,0
0,7
8069,4
8069,3
8069,2
8069,1
8069,0
0,440
0,424
8068,5
8068,4
8068,3
8068,2
8068,1
8068,0
8067,4
8067,3
8067,2
0,524
8067,1
8067,0
0,473
8066,3
8066,2
8066,1
8066,0
8065,4
8065,3
8065,2
8065,1
8065,0
0,456
0,453
8064,5
8064,4
8064,3
8064,2
8064,1
8064,0
8063,4
8063,3
8063,2
8063,1
8063,0
8062,3
8062,2
8062,1
8062,0
8061,3
8061,2
8061,1
8061,0
8060,3
8060,2
8060,1
8060,0
8059,3
8059,2
8059,1
8059,0
8058,3
8058,2
8058,1
8058,0
0,421
8057,3
8057,2
0,419
8057,1
8057,0
8056,3
8056,2
8056,1
8056,0
0,490
8055,3
8055,2
8055,1
8055,0
8054,3
8054,2
8054,1
8054,0
8053,3
8053,2
8053,1
8053,0
8052,4
8052,3
8052,2
0,468
8052,1
8052,0
0,467
8051,4
8051,3
8051,2
8051,1
8051,0
8050,3
8050,2
8050,1
8050,0
0,405
0,243
0,397
0,539
0,515
8049,4
8049,3
8049,2
8049,1
8049,0
0,518
8048,5
8048,4
8048,3
8048,2
8048,1
8048,0
0,441
0,480
8047,4
8047,3
8047,2
8047,1
8047,0
8046,3
8046,2
8046,1
8046,0
0,422
8045,4
8045,3
8045,2
8045,1
8045,0
0,557
0,418
0,406
0,412
8044,5
8044,4
8044,3
8044,2
8044,1
8044,0
0,396
8043,4
8043,3
8043,2
8043,1
8043,0
8042,3
8042,2
8042,1
8042,0
0,394
0,393
8041,4
8041,3
8041,2
8041,1
8041,0
8040,5
8040,4
8040,3
8040,2
8040,1
8040,0
0,389
8039,4
8039,3
8039,2
8039,1
8039,0
8038,3
8038,2
8038,1
8038,0
8037,3
8037,2
8037,1
8037,0
8036,3
8036,2
0,388
8036,1
8036,0
0,319
0,318
8035,3
8035,2
8035,1
8035,0
8034,3
8034,2
8034,1
8034,0
8033,3
8033,2
0,317
0,532
8033,1
8033,0
8032,3
8032,2
8032,1
8032,0
8031,3
8031,2
8031,1
8031,0
8030,3
8030,2
8030,1
8030,0
8029,3
8029,2
8029,1
8029,0
8028,4
0,519
8028,3
8028,2
8028,1
8028,0
8027,4
8027,3
8027,2
8027,1
8027,0
8026,3
8026,2
8026,1
8026,0
8025,4
8025,3
8025,2
8025,1
8025,0
8024,5
8024,4
8024,3
8024,2
8024,1
8024,0
0,390
0,469
8023,4
8023,3
8023,2
8023,1
8023,0
0,416
8022,3
8022,2
8022,1
8022,0
8021,4
8021,3
8021,2
8021,1
8021,0
0,523
0,395
8020,5
8020,4
8020,3
8020,2
8020,1
8020,0
8019,4
8019,3
8019,2
8019,1
8019,0
8018,3
8018,2
8018,1
8018,0
8017,4
8017,3
8017,2
8017,1
8017,0
0,316
8016,5
8016,4
8016,3
8016,2
8016,1
8016,0
8015,4
8015,3
8015,2
8015,1
8015,0
8014,3
8014,2
8014,1
8014,0
0,314
8013,3
8013,2
8013,1
8013,0
8012,3
8012,2
8012,1
8012,0
8011,3
8011,2
8011,1
8011,0
0,420
8010,3
8010,2
8010,1
8010,0
8009,3
8009,2
0,313
0,312
8009,1
8009,0
8008,3
8008,2
0,454
8008,1
8008,0
8007,3
8007,2
8007,1
8007,0
8006,3
8006,2
8006,1
8006,0
8005,3
8005,2
8005,1
8005,0
8004,4
8004,3
8004,2
8004,1
8004,0
8003,4
8003,3
8003,2
8003,1
8003,0
8002,3
8002,2
8002,1
8002,0
0,392
0,308
0,306
0,304
0,531
0,302
0,575
0,391
8001,4
8001,3
8001,2
8001,1
8001,0
0,513
0,552
0,384
0,459
8000,5
8000,4
8000,3
8000,2
8000,1
8000,0
7999,4
7999,3
7999,2
7999,1
7999,0
7998,3
7998,2
7998,1
7998,0
7997,4
7997,3
7997,2
7997,1
7997,0
0,573
7996,5
7996,4
7996,3
7996,2
7996,1
7996,0
7995,4
7995,3
7995,2
7995,1
7995,0
7994,3
7994,2
7994,1
7994,0
0,572
7993,4
7993,3
7993,2
7993,1
7993,0
0,570
0,492
7992,5
7992,4
7992,3
7992,2
0,488
7992,1
7992,0
0,514
0,528
0,484
7991,4
7991,3
7991,2
7991,1
7991,0
7990,3
7990,2
7990,1
7990,0
0,475
7989,3
7989,2
7989,1
7989,0
7988,3
7988,2
7988,1
7988,0
0,536
7987,3
7987,2
0,403
7987,1
7987,0
7986,3
7986,2
7986,1
7986,0
7985,3
7985,2
0,297
7985,1
7985,0
7984,3
7984,2
7984,1
7984,0
7983,3
7983,2
7983,1
7983,0
7982,3
7982,2
7982,1
7982,0
7981,3
7981,2
7981,1
7981,0
7980,4
7980,3
7980,2
7980,1
7980,0
7979,4
7979,3
7979,2
7979,1
7979,0
7978,3
7978,2
7978,1
7978,0
0,559
0,410
0,315
0,561
7977,4
7977,3
7977,2
7977,1
7977,0
0,571
7976,5
7976,4
7976,3
7976,2
7976,1
7976,0
0,569
7975,4
7975,3
7975,2
0,286
7975,1
7975,0
7974,3
7974,2
7974,1
7974,0
0,550
0,568
7973,4
7973,3
7973,2
7973,1
7973,0
0,567
7972,5
7972,4
7972,3
7972,2
7972,1
7972,0
0,560
0,574
7971,4
7971,3
7971,2
7971,1
7971,0
7970,3
7970,2
7970,1
7970,0
7969,4
7969,3
7969,2
7969,1
7969,0
7968,5
7968,4
7968,3
7968,2
7968,1
7968,0
7967,4
7967,3
7967,2
7967,1
7967,0
7966,3
7966,2
7966,1
7966,0
7965,3
7965,2
0,311
7965,1
7965,0
0,309
7964,3
7964,2
7964,1
7964,0
7963,3
7963,2
7963,1
7963,0
0,288
7962,3
7962,2
7962,1
7962,0
7961,3
7961,2
0,558
7961,1
7961,0
7960,3
7960,2
7960,1
7960,0
7959,3
7959,2
7959,1
7959,0
7958,3
7958,2
0,284
7958,1
7958,0
7957,3
7957,2
7957,1
7957,0
7956,4
7956,3
7956,2
7956,1
7956,0
0,438
7955,4
7955,3
7955,2
7955,1
7955,0
7954,3
7954,2
7954,1
7954,0
0,533
0,553
0,464
7953,4
7953,3
7953,2
7953,1
7953,0
7952,5
7952,4
7952,3
7952,2
7952,1
7952,0
0,300
0,296
7951,4
7951,3
7951,2
7951,1
7951,0
7950,3
7950,2
0,291
7950,1
7950,0
0,566
7949,4
7949,3
7949,2
7949,1
7949,0
0,444
0,564
7948,5
7948,4
7948,3
7948,2
7948,1
7948,0
0,563
0,544
0,428
7947,4
7947,3
7947,2
7947,1
7947,0
0,425
7946,3
7946,2
7946,1
7946,0
7945,4
7945,3
7945,2
7945,1
7945,0
0,407
7944,5
7944,4
7944,3
7944,2
7944,1
7944,0
0,305
7943,4
7943,3
7943,2
7943,1
7943,0
7942,3
7942,2
7942,1
7942,0
7941,3
7941,2
7941,1
7941,0
7940,3
7940,2
7940,1
7940,0
7939,3
7939,2
7939,1
7939,0
7938,3
7938,2
7938,1
7938,0
0,562
7937,3
7937,2
0,556
7937,1
7937,0
0,280
7936,3
7936,2
7936,1
7936,0
0,555
7935,3
7935,2
7935,1
7935,0
7934,3
7934,2
7934,1
7934,0
7933,3
7933,2
7933,1
7933,0
7932,4
7932,3
7932,2
7932,1
7932,0
7931,4
7931,3
7931,2
7931,1
7931,0
7930,3
7930,2
7930,1
7930,0
0,542
0,527
0,535
0,516
0,549
0,534
7929,4
7929,3
7929,2
7929,1
7929,0
14,5
14,4
14,2
14,0
0,290
7928,5
7928,4
7928,3
7928,2
7928,1
7928,0
0,269
7927,4
7927,3
7927,2
7927,1
7927,0
7926,3
7926,2
7926,1
7926,0
7925,4
7925,3
7925,2
7925,1
7925,0
7924,5
7924,4
7924,3
7924,2
7924,1
7924,0
0,460
0,537
7923,4
7923,3
7923,2
7923,1
7923,0
7922,3
7922,2
7922,1
7922,0
7921,4
7921,3
7921,2
7921,1
7921,0
0,299
0,548
0,295
0,294
7920,5
7920,4
7920,3
7920,2
7920,1
7920,0
0,520
0,547
0,285
0,283
0,282
0,281
7919,4
7919,3
7919,2
7919,1
7919,0
0,398
7918,3
7918,2
7918,1
7918,0
7917,3
7917,2
7917,1
7917,0
0,289
7916,3
7916,2
7916,1
7916,0
7915,3
7915,2
7915,1
7915,0
7914,3
7914,2
7914,1
7914,0
7913,3
7913,2
0,546
0,511
7913,1
7913,0
7912,3
7912,2
7912,1
7912,0
0,543
7911,3
7911,2
7911,1
7911,0
7910,3
7910,2
7910,1
7910,0
7909,3
7909,2
7909,1
7909,0
7908,4
7908,3
7908,2
7908,1
7908,0
7907,4
7907,3
7907,2
0,307
7907,1
7907,0
0,301
7906,3
7906,2
7906,1
7906,0
0,541
0,540
7905,4
7905,3
7905,2
7905,1
7905,0
0,538
7904,5
7904,4
7904,3
7904,2
7904,1
7904,0
0,508
7903,4
7903,3
7903,2
7903,1
7903,0
7902,3
7902,2
7902,1
7902,0
0,450
7901,4
7901,3
7901,2
7901,1
7901,0
7900,5
7900,4
7900,3
7900,2
7900,1
7900,0
0,507
7899,4
7899,3
7899,2
7899,1
7899,0
7898,3
7898,2
7898,1
7898,0
0,565
7897,4
7897,3
7897,2
7897,1
7897,0
0,303
7896,5
7896,4
7896,3
7896,2
0,298
7896,1
7896,0
7895,4
7895,3
7895,2
7895,1
7895,0
7894,3
7894,2
7894,1
7894,0
7893,3
7893,2
7893,1
7893,0
7892,3
7892,2
7892,1
7892,0
0,409
7891,3
7891,2
7891,1
7891,0
7890,3
7890,2
7890,1
7890,0
0,417
7889,3
7889,2
7889,1
7889,0
7888,3
7888,2
7888,1
7888,0
7887,3
7887,2
7887,1
7887,0
7886,3
7886,2
7886,1
7886,0
7885,3
7885,2
7885,1
7885,0
7884,4
7884,3
7884,2
7884,1
7884,0
7883,4
7883,3
7883,2
7883,1
7883,0
7882,3
7882,2
7882,1
7882,0
7881,4
7881,3
7881,2
7881,1
7881,0
0,261
0,228
0,224
0,227
0,211
0,210
0,529
0,226
7880,5
7880,4
7880,3
7880,2
7880,1
7880,0
0,214
0,213
0,212
7879,4
7879,3
7879,2
7879,1
7879,0
7878,3
7878,2
7878,1
7878,0
0,310
7877,4
7877,3
7877,2
7877,1
7877,0
0,287
7876,5
7876,4
7876,3
7876,2
7876,1
7876,0
0,522
7875,4
7875,3
7875,2
7875,1
7875,0
7874,3
7874,2
7874,1
7874,0
7873,4
7873,3
7873,2
7873,1
7873,0
0,506
7872,5
7872,4
7872,3
7872,2
7872,1
7872,0
0,486
0,505
0,432
7871,4
7871,3
7871,2
7871,1
7871,0
0,429
7870,3
7870,2
7870,1
7870,0
0,503
7869,3
7869,2
7869,1
7869,0
7868,3
7868,2
7868,1
7868,0
7867,3
7867,2
0,404
7867,1
7867,0
7866,3
7866,2
0,401
7866,1
7866,0
7865,3
7865,2
0,501
0,500
7865,1
7865,0
7864,3
7864,2
7864,1
7864,0
7863,3
7863,2
7863,1
7863,0
7862,3
7862,2
7862,1
7862,0
0,274
7861,3
7861,2
7861,1
7861,0
7860,4
7860,3
7860,2
0,293
7860,1
7860,0
7859,4
7859,3
7859,2
7859,1
7859,0
7858,3
7858,2
0,277
7858,1
7858,0
0,259
0,258
0,257
0,256
0,254
0,253
0,251
0,209
0,208
0,207
0,205
23,34
23,33
23,32
23,31
23,30
23,29
23,28
23,27
23,26
23,25
23,24
23,23
23,22
23,21
23,20
23,19
23,18
23,17
23,16
23,15
23,14
23,13
23,12
23,11
23,10
23,9
23,8
23,7
23,6
23,5
23,4
23,3
0,250
0,249
0,530
0,239
0,238
0,235
0,237
0,236
0,231
0,233
0,232
0,458
0,449
7857,4
7857,3
7857,2
7857,1
7857,0
0,204
7856,5
7856,4
7856,3
7856,2
7856,1
7856,0
7855,4
7855,3
7855,2
7855,1
7855,0
7854,3
7854,2
7854,1
7854,0
7853,4
7853,3
7853,2
7853,1
7853,0
0,63
7852,5
7852,4
7852,3
7852,2
7852,1
7852,0
0,47
0,49
0,499
0,46
0,45
0,6
0,498
0,268
0,267
0,266
0,502
7851,4
7851,3
7851,2
7851,1
7851,0
7850,3
7850,2
7850,1
7850,0
0,255
0,512
7849,4
7849,3
7849,2
7849,1
7849,0
0,497
0,470
7848,5
7848,4
7848,3
7848,2
7848,1
7848,0
0,414
0,408
7847,4
7847,3
7847,2
7847,1
7847,0
0,455
7846,3
7846,2
7846,1
7846,0
0,402
7845,3
7845,2
7845,1
7845,0
7844,3
7844,2
7844,1
7844,0
7843,3
7843,2
7843,1
7843,0
7842,3
7842,2
7842,1
7842,0
0,265
0,264
0,260
0,244
0,242
0,241
0,240
0,51
0,50
0,48
7841,3
7841,2
0,496
0,495
7841,1
7841,0
7840,3
7840,2
7840,1
7840,0
0,57
0,545
0,56
0,55
7839,3
7839,2
7839,1
7839,0
7838,3
7838,2
7838,1
7838,0
0,279
7837,3
7837,2
7837,1
7837,0
0,263
0,262
7836,4
7836,3
7836,2
7836,1
7836,0
0,5
7835,4
7835,3
7835,2
7835,1
7835,0
7834,3
7834,2
7834,1
7834,0
0,494
0,387
0,225
0,223
0,217
0,218
0,2
0,491
0,485
0,483
0,472
7833,4
7833,3
7833,2
7833,1
7833,0
0,482
7832,5
7832,4
7832,3
7832,2
7832,1
7832,0
0,481
0,292
7831,4
7831,3
7831,2
7831,1
7831,0
7830,3
7830,2
7830,1
7830,0
7829,4
7829,3
7829,2
7829,1
7829,0
0,202
0,200
0,62
0,61
0,60
0,59
0,58
0,54
0,53
0,52
0,430
7828,5
7828,4
7828,3
7828,2
0,509
7828,1
7828,0
0,551
7827,4
7827,3
7827,2
7827,1
7827,0
7826,3
7826,2
7826,1
7826,0
7825,4
7825,3
7825,2
7825,1
7825,0
0,525
0,400
0,206
7824,5
7824,4
7824,3
7824,2
7824,1
7824,0
0,193
0,192
7823,4
7823,3
7823,2
7823,1
7823,0
7822,3
7822,2
7822,1
7822,0
7821,3
7821,2
7821,1
7821,0
7820,3
7820,2
7820,1
7820,0
7819,3
7819,2
7819,1
7819,0
7818,3
7818,2
7818,1
7818,0
7817,3
7817,2
7817,1
7817,0
7816,3
7816,2
7816,1
7816,0
0,437
7815,3
7815,2
7815,1
7815,0
7814,3
7814,2
7814,1
7814,0
0,426
7813,3
7813,2
7813,1
7813,0
7812,4
0,466
7812,3
7812,2
7812,1
7812,0
7811,4
7811,3
7811,2
7811,1
7811,0
7810,3
7810,2
7810,1
7810,0
0,493
0,252
0,489
0,248
0,247
0,246
0,245
0,234
0,230
0,229
0,478
0,222
0,221
0,220
0,219
0,216
0,215
0,203
0,199
0,521
0,194
7809,4
7809,3
7809,2
7809,1
7809,0
0,273
0,270
7808,5
7808,4
7808,3
7808,2
7808,1
7808,0
0,439
7807,4
7807,3
7807,2
7807,1
7807,0
7806,3
7806,2
7806,1
7806,0
7805,4
7805,3
7805,2
7805,1
7805,0
0,413
7804,5
7804,4
7804,3
7804,2
7804,1
7804,0
0,479
0,476
7803,4
7803,3
7803,2
7803,1
7803,0
0,399
7802,3
7802,2
7802,1
7802,0
7801,4
7801,3
7801,2
7801,1
7801,0
7800,5
7800,4
7800,3
7800,2
7800,1
7800,0
7799,4
7799,3
7799,2
7799,1
7799,0
7798,3
7798,2
7798,1
7798,0
7797,3
7797,2
7797,1
7797,0
7796,3
7796,2
7796,1
7796,0
7795,3
7795,2
7795,1
7795,0
0,487
7794,3
7794,2
7794,1
7794,0
0,427
7793,3
7793,2
7793,1
7793,0
7792,3
7792,2
7792,1
7792,0
7791,3
7791,2
7791,1
7791,0
0,411
7790,3
7790,2
7790,1
7790,0
0,504
7789,3
7789,2
7789,1
7789,0
7788,4
7788,3
7788,2
7788,1
7788,0
7787,4
7787,3
7787,2
7787,1
7787,0
7786,3
7786,2
7786,1
7786,0
0,462
0,461
0,457
0,452
0,463
7785,4
7785,3
7785,2
7785,1
7785,0
0,526
7784,5
7784,4
7784,3
7784,2
7784,1
7784,0
0,477
7783,4
7783,3
7783,2
7783,1
7783,0
7782,3
7782,2
7782,1
7782,0
7781,4
7781,3
7781,2
7781,1
7781,0
0,448
7780,5
7780,4
7780,3
7780,2
7780,1
7780,0
7779,4
7779,3
7779,2
7779,1
7779,0
7778,3
7778,2
7778,1
7778,0
0,447
7777,4
7777,3
7777,2
7777,1
7777,0
7776,5
7776,4
7776,3
7776,2
7776,1
7776,0
7775,4
7775,3
7775,2
7775,1
7775,0
7774,3
7774,2
7774,1
7774,0
7773,3
7773,2
7773,1
7773,0
0,510
7772,3
7772,2
7772,1
7772,0
7771,3
7771,2
7771,1
7771,0
7770,3
7770,2
7770,1
7770,0
0,451
7769,3
7769,2
0,446
0,443
7769,1
7769,0
7768,3
7768,2
7768,1
7768,0
7767,3
7767,2
7767,1
7767,0
7766,3
7766,2
7766,1
7766,0
7765,3
7765,2
7765,1
