0,536
0,530
0,317
0,273
0,270
3,2
3,1
3,3
10,163
10,277
10,223
10,117
10,167
10,201
10,235
10,205
9,5
9,1
9,7
9,3
8,9
8,12
8,6
8,7
8,14
8,4
8,8
8,2
8,3
2,2
2,1
2,3
9946,6
9946,5
9946,4
9946,3
9946,2
9946,1
9946,0
49,6
49,5
49,4
49,3
49,2
49,1
45,4
45,3
45,1
41,8
41,7
41,6
41,5
41,4
41,3
41,2
41,1
41,0
37,3
37,1
35,3
35,2
35,1
33,3
33,2
33,1
31,7
31,6
31,5
31,4
31,3
31,2
31,1
31,0
26,3
26,1
20,3
20,2
20,1
19,3
19,2
19,1
18,3
18,1
14,5
14,4
14,3
14,2
14,1
14,0
13,3
13,1
12,3
12,2
12,1
11,30
11,29
11,28
11,27
11,26
11,25
11,24
11,23
11,22
11,21
11,20
11,19
11,18
11,17
11,16
11,15
11,14
11,13
11,12
11,11
11,10
11,9
11,8
11,7
11,6
